Laser settings:
	Diode frequency:	5 Hz
	Pulses fired:		105
	Q-Switch blanking:	5
	Q-Switch delay:		201 μs
	Q-Switch presync:	1 μs
Spectrometer settings:
	Integration time:	0.0090 ms
	Integration delay:	0.000 ns
	Averaging:		1
	Trigger mode:		External
	Dynamic Dark Correction:		Disabled


wavelength,intensity
184.9409,652.0
185.0142,611.0
185.0875,690.0
185.1608,639.0
185.2341,677.0
185.3074,632.0
185.3807,703.0
185.454,633.0
185.5273,681.0
185.6006,648.0
185.6739,642.0
185.7472,621.0
185.8205,714.0
185.8938,600.0
185.9671,702.0
186.0403,617.0
186.1136,656.0
186.1869,615.0
186.2601,682.0
186.3334,619.0
186.4067,660.0
186.4799,590.0
186.5532,667.0
186.6265,651.0
186.6997,719.0
186.773,644.0
186.8462,713.0
186.9195,629.0
186.9928,663.0
187.066,647.0
187.1392,710.0
187.2125,652.0
187.2857,780.0
187.3589,711.0
187.4322,777.0
187.5054,749.0
187.5786,792.0
187.6519,760.0
187.7251,891.0
187.7983,766.0
187.8715,864.0
187.9447,784.0
188.018,816.0
188.0912,743.0
188.1644,863.0
188.2376,712.0
188.3108,830.0
188.384,732.0
188.4572,825.0
188.5304,829.0
188.6036,864.0
188.6768,797.0
188.75,916.0
188.8232,816.0
188.8963,840.0
188.9695,834.0
189.0427,894.0
189.1159,858.0
189.1891,904.0
189.2623,874.0
189.3354,945.0
189.4086,945.0
189.4818,1063.0
189.5549,1036.0
189.6281,1037.0
189.7012,952.0
189.7744,956.0
189.8476,847.0
189.9207,906.0
189.9939,904.0
190.067,910.0
190.1402,912.0
190.2133,911.0
190.2864,855.0
190.3596,970.0
190.4327,867.0
190.5059,910.0
190.579,861.0
190.6521,961.0
190.7253,857.0
190.7984,901.0
190.8715,907.0
190.9446,992.0
191.0177,922.0
191.0908,962.0
191.164,922.0
191.2371,1071.0
191.3102,1016.0
191.3833,1227.0
191.4564,1173.0
191.5295,1157.0
191.6026,983.0
191.6757,1118.0
191.7488,1065.0
191.8219,1044.0
191.895,970.0
191.968,1033.0
192.0411,1027.0
192.1142,1070.0
192.1873,1000.0
192.2604,1145.0
192.3334,1048.0
192.4065,1131.0
192.4796,1001.0
192.5527,1206.0
192.6257,1168.0
192.6988,1206.0
192.7718,1073.0
192.8449,1130.0
192.918,1009.0
192.991,1166.0
193.064,1153.0
193.1371,1234.0
193.2101,1067.0
193.2832,1168.0
193.3562,1075.0
193.4292,1096.0
193.5023,1063.0
193.5753,1167.0
193.6484,1108.0
193.7214,1279.0
193.7944,1146.0
193.8674,1173.0
193.9405,1073.0
194.0135,1196.0
194.0865,1059.0
194.1595,1137.0
194.2325,1136.0
194.3055,1252.0
194.3785,1108.0
194.4515,1161.0
194.5246,1116.0
194.5975,1148.0
194.6705,1040.0
194.7435,1156.0
194.8165,1102.0
194.8895,1178.0
194.9625,1174.0
195.0355,1256.0
195.1085,1188.0
195.1815,1279.0
195.2544,1227.0
195.3274,1359.0
195.4004,1242.0
195.4734,1306.0
195.5463,1153.0
195.6193,1205.0
195.6923,1165.0
195.7652,1223.0
195.8382,1263.0
195.9111,1308.0
195.9841,1222.0
196.057,1354.0
196.13,1183.0
196.2029,1251.0
196.2759,1210.0
196.3488,1215.0
196.4218,1213.0
196.4947,1201.0
196.5676,1153.0
196.6406,1213.0
196.7135,1073.0
196.7864,1174.0
196.8593,1008.0
196.9323,1112.0
197.0052,1098.0
197.0781,1134.0
197.151,1041.0
197.2239,1124.0
197.2969,1036.0
197.3697,1145.0
197.4427,1041.0
197.5156,1114.0
197.5885,1066.0
197.6614,1090.0
197.7343,1056.0
197.8072,1238.0
197.88,1103.0
197.9529,1179.0
198.0258,1093.0
198.0987,1188.0
198.1716,1129.0
198.2445,1203.0
198.3173,1151.0
198.3902,1240.0
198.4631,1146.0
198.5359,1286.0
198.6088,1147.0
198.6817,1325.0
198.7545,1314.0
198.8274,1277.0
198.9003,1261.0
198.9731,1363.0
199.046,1294.0
199.1188,1481.0
199.1917,1536.0
199.2645,1392.0
199.3373,1345.0
199.4102,1383.0
199.483,1326.0
199.5559,1324.0
199.6287,1272.0
199.7015,1296.0
199.7744,1197.0
199.8472,1241.0
199.92,1260.0
199.9928,1386.0
200.0656,1366.0
200.1385,1398.0
200.2113,1228.0
200.2841,1236.0
200.3569,1095.0
200.4297,1201.0
200.5025,1091.0
200.5753,1214.0
200.6481,1160.0
200.7209,1199.0
200.7937,1136.0
200.8665,1177.0
200.9393,1103.0
201.0121,1260.0
201.0848,1245.0
201.1576,1346.0
201.2304,1152.0
201.3032,1213.0
201.3759,1138.0
201.4487,1158.0
201.5215,1107.0
201.5943,1204.0
201.667,1188.0
201.7398,1233.0
201.8125,1121.0
201.8853,1293.0
201.958,1126.0
202.0308,1278.0
202.1035,1184.0
202.1763,1230.0
202.249,1126.0
202.3218,1167.0
202.3945,1117.0
202.4673,1210.0
202.54,1179.0
202.6127,1307.0
202.6855,1195.0
202.7582,1194.0
202.8309,1119.0
202.9036,1207.0
202.9764,1143.0
203.0491,1205.0
203.1218,1125.0
203.1945,1301.0
203.2672,1221.0
203.3399,1365.0
203.4126,1218.0
203.4853,1262.0
203.558,1192.0
203.6307,1376.0
203.7034,1366.0
203.7761,1391.0
203.8488,1295.0
203.9215,1292.0
203.9942,1236.0
204.0669,1435.0
204.1395,1395.0
204.2122,1425.0
204.2849,1182.0
204.3576,1318.0
204.4302,1239.0
204.5029,1407.0
204.5756,1306.0
204.6482,1265.0
204.7209,1165.0
204.7935,1241.0
204.8662,1179.0
204.9389,1331.0
205.0115,1260.0
205.0842,1396.0
205.1568,1442.0
205.2294,1405.0
205.3021,1295.0
205.3747,1348.0
205.4474,1368.0
205.52,1517.0
205.5926,1416.0
205.6653,1539.0
205.7379,1492.0
205.8105,1602.0
205.8831,1546.0
205.9557,1578.0
206.0284,1501.0
206.101,1538.0
206.1736,1607.0
206.2462,1785.0
206.3188,1645.0
206.3914,1856.0
206.464,1973.0
206.5366,2457.0
206.6092,2646.0
206.6818,2696.0
206.7544,2450.0
206.827,2386.0
206.8996,1932.0
206.9721,1789.0
207.0447,1542.0
207.1173,1585.0
207.1899,1359.0
207.2625,1384.0
207.335,1306.0
207.4076,1405.0
207.4802,1250.0
207.5527,1401.0
207.6253,1356.0
207.6978,1459.0
207.7704,1434.0
207.843,1635.0
207.9155,1812.0
207.9881,1760.0
208.0606,1615.0
208.1331,1587.0
208.2057,1409.0
208.2782,1482.0
208.3508,1436.0
208.4233,1627.0
208.4958,1623.0
208.5684,1608.0
208.6409,1507.0
208.7134,1642.0
208.7859,1605.0
208.8584,1757.0
208.931,1844.0
209.0035,1981.0
209.076,1857.0
209.1485,1700.0
209.221,1454.0
209.2935,1478.0
209.366,1456.0
209.4385,1536.0
209.511,1376.0
209.5835,1553.0
209.656,1515.0
209.7285,1696.0
209.801,1718.0
209.8735,1714.0
209.9459,1572.0
210.0184,1469.0
210.0909,1418.0
210.1634,1391.0
210.2358,1395.0
210.3083,1418.0
210.3808,1386.0
210.4532,1509.0
210.5257,1345.0
210.5982,1503.0
210.6706,1423.0
210.7431,1563.0
210.8155,1488.0
210.888,1568.0
210.9604,1531.0
211.0329,1425.0
211.1053,1405.0
211.1777,1426.0
211.2502,1424.0
211.3226,1387.0
211.3951,1332.0
211.4675,1318.0
211.5399,1283.0
211.6123,1452.0
211.6847,1347.0
211.7572,1424.0
211.8296,1453.0
211.902,1607.0
211.9744,1426.0
212.0468,1381.0
212.1192,1256.0
212.1917,1330.0
212.264,1237.0
212.3364,1369.0
212.4088,1320.0
212.4812,1432.0
212.5536,1307.0
212.626,1450.0
212.6984,1314.0
212.7708,1346.0
212.8432,1226.0
212.9155,1277.0
212.9879,1229.0
213.0603,1329.0
213.1326,1279.0
213.205,1347.0
213.2774,1254.0
213.3498,1364.0
213.4221,1366.0
213.4945,1387.0
213.5668,1461.0
213.6392,1679.0
213.7115,1516.0
213.7839,1523.0
213.8562,1375.0
213.9286,1414.0
214.0009,1269.0
214.0732,1366.0
214.1456,1369.0
214.2179,1501.0
214.2903,1425.0
214.3626,1446.0
214.4349,1435.0
214.5072,1408.0
214.5796,1352.0
214.6519,1368.0
214.7242,1405.0
214.7965,1441.0
214.8688,1344.0
214.9411,1408.0
215.0134,1334.0
215.0857,1638.0
215.158,1470.0
215.2303,1522.0
215.3026,1448.0
215.3749,1473.0
215.4472,1347.0
215.5195,1417.0
215.5918,1373.0
215.6641,1526.0
215.7363,1380.0
215.8086,1495.0
215.8809,1368.0
215.9532,1444.0
216.0254,1369.0
216.0977,1414.0
216.17,1481.0
216.2422,1672.0
216.3145,1578.0
216.3867,1686.0
216.459,1531.0
216.5313,1598.0
216.6035,1580.0
216.6758,1837.0
216.748,1913.0
216.8202,1799.0
216.8925,1701.0
216.9647,1684.0
217.037,1522.0
217.1092,1530.0
217.1814,1451.0
217.2536,1530.0
217.3259,1490.0
217.3981,1609.0
217.4703,1509.0
217.5425,1759.0
217.6147,1857.0
217.687,1833.0
217.7592,1834.0
217.8314,1890.0
217.9035,1839.0
217.9758,1816.0
218.048,1640.0
218.1201,1635.0
218.1924,1465.0
218.2645,1633.0
218.3367,1540.0
218.4089,1612.0
218.4811,1639.0
218.5533,1706.0
218.6255,1610.0
218.6976,1856.0
218.7698,1932.0
218.842,1807.0
218.9142,1731.0
218.9863,1789.0
219.0585,1732.0
219.1306,1782.0
219.2028,1883.0
219.2749,2003.0
219.3471,1862.0
219.4193,1976.0
219.4914,1757.0
219.5636,1785.0
219.6357,1841.0
219.7078,1855.0
219.78,1698.0
219.8521,1742.0
219.9242,1676.0
219.9964,1754.0
220.0685,1805.0
220.1406,1849.0
220.2128,1789.0
220.2849,1832.0
220.357,1857.0
220.4291,1946.0
220.5012,1760.0
220.5733,1886.0
220.6454,1816.0
220.7175,1962.0
220.7896,1825.0
220.8617,1980.0
220.9338,1963.0
221.0059,2020.0
221.078,1849.0
221.1501,1880.0
221.2222,1722.0
221.2943,1861.0
221.3663,1940.0
221.4384,2132.0
221.5105,2020.0
221.5826,1951.0
221.6546,1888.0
221.7267,1994.0
221.7988,1900.0
221.8708,2122.0
221.9429,2027.0
222.015,2292.0
222.087,2379.0
222.1591,2504.0
222.2311,2117.0
222.3032,2093.0
222.3752,2008.0
222.4473,2071.0
222.5193,1954.0
222.5913,1914.0
222.6634,1790.0
222.7354,1932.0
222.8074,1849.0
222.8795,2087.0
222.9515,1935.0
223.0235,2013.0
223.0955,2054.0
223.1675,1968.0
223.2395,1931.0
223.3116,1965.0
223.3836,1936.0
223.4556,2113.0
223.5276,2018.0
223.5996,1963.0
223.6716,1882.0
223.7436,1960.0
223.8156,1982.0
223.8876,2093.0
223.9595,2051.0
224.0315,2093.0
224.1035,2052.0
224.1755,2065.0
224.2475,2114.0
224.3195,2209.0
224.3914,2196.0
224.4634,2250.0
224.5354,2216.0
224.6073,2255.0
224.6793,2278.0
224.7512,2456.0
224.8232,2425.0
224.8952,2524.0
224.9671,2607.0
225.0391,2621.0
225.111,2560.0
225.1829,2536.0
225.2549,2548.0
225.3268,2637.0
225.3988,2530.0
225.4707,2540.0
225.5426,2400.0
225.6146,2592.0
225.6865,2458.0
225.7584,2533.0
225.8303,2332.0
225.9022,2318.0
225.9742,2226.0
226.0461,2351.0
226.118,2226.0
226.1899,2208.0
226.2618,2023.0
226.3337,2115.0
226.4056,2133.0
226.4775,2165.0
226.5494,1988.0
226.6213,1959.0
226.6932,1983.0
226.7651,2036.0
226.8369,2030.0
226.9088,2050.0
226.9807,1953.0
227.0526,1967.0
227.1245,1754.0
227.1963,1957.0
227.2682,1841.0
227.3401,1850.0
227.4119,1743.0
227.4838,1935.0
227.5556,1920.0
227.6275,1900.0
227.6993,1903.0
227.7712,1937.0
227.8431,1839.0
227.9149,1894.0
227.9867,2018.0
228.0586,2089.0
228.1304,1892.0
228.2023,1957.0
228.2741,1901.0
228.3459,1999.0
228.4177,2078.0
228.4896,2102.0
228.5614,2102.0
228.6332,2350.0
228.705,2215.0
228.7768,2183.0
228.8486,1977.0
228.9205,1867.0
228.9923,1869.0
229.0641,1937.0
229.1359,1889.0
229.2077,2036.0
229.2794,2079.0
229.3513,2162.0
229.423,2144.0
229.4948,2170.0
229.5666,2120.0
229.6384,2045.0
229.7102,2117.0
229.782,2192.0
229.8537,2331.0
229.9255,2320.0
229.9973,2192.0
230.069,2120.0
230.1408,2018.0
230.2126,2187.0
230.2843,2006.0
230.3561,2134.0
230.4278,2064.0
230.4996,2263.0
230.5713,2121.0
230.6431,2275.0
230.7148,2393.0
230.7866,2626.0
230.8583,2577.0
230.93,2616.0
231.0018,2363.0
231.0735,2462.0
231.1452,2573.0
231.2169,2730.0
231.2887,2624.0
231.3604,2567.0
231.4321,2729.0
231.5038,2666.0
231.5755,2543.0
231.6472,2412.0
231.7189,2321.0
231.7906,2528.0
231.8624,2433.0
231.9341,2583.0
232.0057,2480.0
232.0774,2550.0
232.1491,2520.0
232.2208,2468.0
232.2925,2473.0
232.3642,2604.0
232.4359,2669.0
232.5075,2770.0
232.5792,2966.0
232.6509,3508.0
232.7225,3870.0
232.7942,4194.0
232.8659,3597.0
232.9375,3297.0
233.0092,3268.0
233.0809,3585.0
233.1525,4331.0
233.2242,5238.0
233.2958,5700.0
233.3675,5328.0
233.4391,4014.0
233.5107,3485.0
233.5824,3143.0
233.654,3320.0
233.7256,3680.0
233.7973,4535.0
233.8689,4696.0
233.9405,4147.0
234.0121,3854.0
234.0838,3644.0
234.1554,3829.0
234.227,4298.0
234.2986,5691.0
234.3702,7591.0
234.4418,7990.0
234.5134,6916.0
234.585,5701.0
234.6566,4715.0
234.7282,4749.0
234.7998,5785.0
234.8714,6618.0
234.943,5756.0
235.0146,4563.0
235.0862,4174.0
235.1577,4056.0
235.2293,3865.0
235.3009,3766.0
235.3725,3995.0
235.444,4231.0
235.5156,4596.0
235.5872,4294.0
235.6587,4123.0
235.7303,4009.0
235.8018,4303.0
235.8734,5072.0
235.9449,6465.0
236.0165,6987.0
236.088,6776.0
236.1596,5809.0
236.2311,5202.0
236.3026,4786.0
236.3742,4791.0
236.4457,5570.0
236.5172,6066.0
236.5887,5457.0
236.6603,4751.0
236.7318,4331.0
236.8033,4337.0
236.8748,4663.0
236.9464,4680.0
237.0179,4665.0
237.0894,4609.0
237.1609,4362.0
237.2324,4507.0
237.3039,4810.0
237.3754,5506.0
237.4469,5672.0
237.5184,5475.0
237.5898,5067.0
237.6613,4751.0
237.7328,4567.0
237.8043,4746.0
237.8758,5237.0
237.9472,6065.0
238.0187,6563.0
238.0902,7663.0
238.1617,9629.0
238.2331,11130.0
238.3046,10546.0
238.376,8487.0
238.4475,6719.0
238.519,5680.0
238.5904,4835.0
238.6618,4485.0
238.7333,4797.0
238.8047,5741.0
238.8762,6704.0
238.9476,6711.0
239.0191,5368.0
239.0905,4618.0
239.1619,4130.0
239.2334,4088.0
239.3048,4175.0
239.3762,4562.0
239.4476,5677.0
239.519,8149.0
239.5904,9730.0
239.6619,9081.0
239.7333,7067.0
239.8047,6126.0
239.8761,6226.0
239.9475,7401.0
240.0189,6926.0
240.0903,5949.0
240.1617,4991.0
240.233,4965.0
240.3044,4930.0
240.3758,5817.0
240.4472,7502.0
240.5186,9189.0
240.59,8750.0
240.6613,8277.0
240.7327,7562.0
240.8041,6215.0
240.8754,5350.0
240.9468,5403.0
241.0181,6978.0
241.0895,8657.0
241.1609,7987.0
241.2322,6743.0
241.3036,6145.0
241.3749,6015.0
241.4462,5304.0
241.5176,4441.0
241.5889,3963.0
241.6602,3964.0
241.7316,4037.0
241.8029,4352.0
241.8743,4072.0
241.9456,3701.0
242.0169,3336.0
242.0882,3420.0
242.1595,3320.0
242.2309,3820.0
242.3022,4220.0
242.3735,5218.0
242.4448,5784.0
242.5161,5534.0
242.5874,4382.0
242.6587,4000.0
242.73,3931.0
242.8013,4558.0
242.8726,5283.0
242.9438,5791.0
243.0151,5852.0
243.0864,5475.0
243.1577,5099.0
243.229,5399.0
243.3002,5923.0
243.3715,5712.0
243.4428,5731.0
243.5141,5823.0
243.5853,5191.0
243.6566,4615.0
243.7278,4182.0
243.7991,4115.0
243.8703,4579.0
243.9416,5589.0
244.0128,5435.0
244.0841,4741.0
244.1553,3995.0
244.2266,3799.0
244.2978,3750.0
244.369,4303.0
244.4402,5248.0
244.5115,6007.0
244.5827,6213.0
244.6539,5847.0
244.7251,5299.0
244.7964,4860.0
244.8676,4051.0
244.9388,3804.0
245.01,3463.0
245.0812,3451.0
245.1524,3288.0
245.2236,3151.0
245.2948,3086.0
245.366,3467.0
245.4372,3651.0
245.5084,3728.0
245.5796,3343.0
245.6507,3429.0
245.7219,3557.0
245.7931,4031.0
245.8643,4828.0
245.9355,5115.0
246.0066,4876.0
246.0778,5050.0
246.149,5577.0
246.2201,6088.0
246.2913,5699.0
246.3624,5514.0
246.4336,5115.0
246.5047,5256.0
246.5759,5328.0
246.647,5439.0
246.7182,4851.0
246.7893,4419.0
246.8605,4190.0
246.9316,4372.0
247.0027,4455.0
247.0739,4669.0
247.145,4175.0
247.2161,4133.0
247.2872,4214.0
247.3584,4491.0
247.4295,4290.0
247.5006,4125.0
247.5717,3808.0
247.6428,3773.0
247.7139,3609.0
247.785,3687.0
247.8561,3946.0
247.9272,4380.0
247.9983,4660.0
248.0694,4904.0
248.1405,4669.0
248.2116,5287.0
248.2827,5620.0
248.3537,6016.0
248.4248,5722.0
248.4959,5204.0
248.5669,4639.0
248.638,4788.0
248.7091,4692.0
248.7802,4801.0
248.8512,5304.0
248.9223,5799.0
248.9933,6536.0
249.0644,6836.0
249.1354,6908.0
249.2065,6668.0
249.2775,7147.0
249.3486,7924.0
249.4196,6760.0
249.4906,5310.0
249.5617,4348.0
249.6327,4345.0
249.7037,4646.0
249.7747,5512.0
249.8458,5875.0
249.9168,5890.0
249.9878,5086.0
250.0588,4411.0
250.1298,4348.0
250.2009,4413.0
250.2719,4567.0
250.3429,5085.0
250.4138,4763.0
250.4849,4304.0
250.5558,3730.0
250.6268,3963.0
250.6978,3576.0
250.7688,3423.0
250.8398,3204.0
250.9108,3203.0
250.9818,3259.0
251.0527,3582.0
251.1237,4375.0
251.1947,4878.0
251.2657,4651.0
251.3366,3891.0
251.4076,3757.0
251.4785,3831.0
251.5495,3389.0
251.6205,3311.0
251.6914,3253.0
251.7623,3504.0
251.8333,3635.0
251.9042,3954.0
251.9752,3881.0
252.0461,3964.0
252.1171,4152.0
252.188,4727.0
252.2589,4911.0
252.3298,5278.0
252.4008,5128.0
252.4717,5592.0
252.5426,6295.0
252.6135,6477.0
252.6844,6043.0
252.7553,5706.0
252.8262,5250.0
252.8971,5579.0
252.9681,6128.0
253.039,5555.0
253.1098,4473.0
253.1808,3969.0
253.2516,3917.0
253.3225,4786.0
253.3934,5707.0
253.4643,5828.0
253.5352,5618.0
253.606,5756.0
253.6769,6177.0
253.7478,6233.0
253.8187,6576.0
253.8895,7185.0
253.9604,6580.0
254.0312,5652.0
254.1021,5406.0
254.173,5142.0
254.2438,4820.0
254.3147,4946.0
254.3855,4544.0
254.4563,4479.0
254.5272,4365.0
254.598,4490.0
254.6689,4433.0
254.7397,4358.0
254.8105,4533.0
254.8813,5284.0
254.9522,5797.0
255.023,5826.0
255.0938,4795.0
255.1646,4096.0
255.2354,3162.0
255.3062,2788.0
255.3771,2575.0
255.4479,2635.0
255.5187,2586.0
255.5894,2555.0
255.6603,2452.0
255.731,2497.0
255.8018,2427.0
255.8726,2611.0
255.9434,2753.0
256.0142,3196.0
256.085,3312.0
256.1558,3997.0
256.2265,4829.0
256.2973,5636.0
256.3681,5236.0
256.4388,4234.0
256.5096,3400.0
256.5804,3272.0
256.6511,3336.0
256.7219,3554.0
256.7926,3095.0
256.8634,2892.0
256.9341,2680.0
257.0049,2870.0
257.0756,2929.0
257.1463,3007.0
257.2171,2616.0
257.2878,2644.0
257.3585,2839.0
257.4292,3216.0
257.5,3119.0
257.5707,3016.0
257.6414,3048.0
257.7122,3247.0
257.7828,3258.0
257.8535,3143.0
257.9243,2726.0
257.995,2688.0
258.0657,2591.0
258.1364,2731.0
258.2071,3101.0
258.2777,3609.0
258.3484,3236.0
258.4191,3291.0
258.4898,3861.0
258.5605,5034.0
258.6312,5178.0
258.7018,4432.0
258.7725,3781.0
258.8432,3282.0
258.9139,2819.0
258.9845,2771.0
259.0552,2808.0
259.1259,3452.0
259.1965,4087.0
259.2672,4267.0
259.3378,4197.0
259.4085,3616.0
259.4791,3038.0
259.5497,3021.0
259.6204,3095.0
259.691,3806.0
259.7617,5274.0
259.8323,7537.0
259.9029,9096.0
259.9735,8849.0
260.0442,7167.0
260.1147,4981.0
260.1854,3586.0
260.256,2970.0
260.3267,2800.0
260.3972,2979.0
260.4678,3268.0
260.5384,3757.0
260.6091,4621.0
260.6796,5536.0
260.7502,5643.0
260.8208,4656.0
260.8914,3658.0
260.962,3380.0
261.0326,3682.0
261.1032,4731.0
261.1737,5824.0
261.2444,6335.0
261.3149,5716.0
261.3854,5393.0
261.456,4493.0
261.5266,3724.0
261.5971,2957.0
261.6677,3314.0
261.7383,3736.0
261.8088,3990.0
261.8794,3434.0
261.9499,3166.0
262.0205,3005.0
262.091,3186.0
262.1615,3205.0
262.2321,3219.0
262.3026,2977.0
262.3731,3122.0
262.4437,3477.0
262.5142,4652.0
262.5847,5133.0
262.6552,4854.0
262.7257,4423.0
262.7962,4742.0
262.8668,4868.0
262.9373,4966.0
263.0078,5481.0
263.0783,6639.0
263.1488,6823.0
263.2193,5768.0
263.2898,4159.0
263.3603,3180.0
263.4307,2439.0
263.5012,2301.0
263.5717,2232.0
263.6422,2179.0
263.7127,2164.0
263.7831,2117.0
263.8536,2016.0
263.9241,2096.0
263.9945,1913.0
264.065,1946.0
264.1354,1852.0
264.2059,1896.0
264.2764,1796.0
264.3468,1884.0
264.4173,1821.0
264.4877,1950.0
264.5581,1804.0
264.6286,1884.0
264.699,1762.0
264.7694,1770.0
264.8399,1663.0
264.9103,1884.0
264.9807,1692.0
265.0511,1873.0
265.1216,1759.0
265.192,1919.0
265.2625,1702.0
265.3328,1754.0
265.4032,1660.0
265.4736,1759.0
265.5441,1695.0
265.6144,1773.0
265.6848,1651.0
265.7552,1790.0
265.8256,1717.0
265.896,1783.0
265.9664,1626.0
266.0368,1769.0
266.1071,1683.0
266.1775,1698.0
266.2479,1879.0
266.3183,2117.0
266.3886,2472.0
266.459,3017.0
266.5294,2993.0
266.5998,3109.0
266.6701,2888.0
266.7404,2796.0
266.8108,2248.0
266.8812,2014.0
266.9515,1752.0
267.0219,1790.0
267.0922,1630.0
267.1625,1746.0
267.2328,1651.0
267.3032,1722.0
267.3735,1603.0
267.4438,1579.0
267.5142,1555.0
267.5845,1631.0
267.6548,1603.0
267.7251,1615.0
267.7954,1433.0
267.8657,1581.0
267.936,1665.0
268.0063,1765.0
268.0766,1651.0
268.1469,1678.0
268.2172,1690.0
268.2875,1854.0
268.3578,1922.0
268.4281,2237.0
268.4984,2267.0
268.5686,2221.0
268.6389,1831.0
268.7092,1753.0
268.7794,1654.0
268.8498,1699.0
268.92,1730.0
268.9902,1815.0
269.0605,1734.0
269.1308,1947.0
269.201,2271.0
269.2713,2435.0
269.3415,2177.0
269.4118,2069.0
269.482,1681.0
269.5523,1775.0
269.6225,1665.0
269.6927,1816.0
269.7629,1772.0
269.8332,1790.0
269.9034,1627.0
269.9736,1700.0
270.0439,1674.0
270.114,1764.0
270.1843,1721.0
270.2545,1853.0
270.3247,2148.0
270.3949,2403.0
270.4651,2284.0
270.5353,2158.0
270.6055,2062.0
270.6757,2134.0
270.7459,2087.0
270.8161,2090.0
270.8863,2009.0
270.9564,2005.0
271.0266,1885.0
271.0968,2153.0
271.167,2251.0
271.2371,2370.0
271.3073,2492.0
271.3775,2740.0
271.4476,2852.0
271.5178,2891.0
271.588,2667.0
271.6581,2492.0
271.7282,2230.0
271.7984,2380.0
271.8685,2499.0
271.9387,2813.0
272.0088,2638.0
272.0789,2601.0
272.1491,2410.0
272.2192,2293.0
272.2893,2166.0
272.3595,2175.0
272.4296,2200.0
272.4997,2377.0
272.5698,2220.0
272.64,2675.0
272.7101,3025.0
272.7802,3320.0
272.8503,2930.0
272.9204,2520.0
272.9904,2341.0
273.0605,2408.0
273.1306,2264.0
273.2007,2175.0
273.2708,2078.0
273.3409,2348.0
273.411,2340.0
273.481,2440.0
273.5511,2565.0
273.6212,3049.0
273.6913,3340.0
273.7614,3672.0
273.8314,4168.0
273.9015,5226.0
273.9715,5518.0
274.0416,5116.0
274.1116,4260.0
274.1817,4164.0
274.2517,4239.0
274.3217,4791.0
274.3918,4478.0
274.4619,4398.0
274.5319,4550.0
274.602,5657.0
274.6719,6443.0
274.742,6673.0
274.812,6341.0
274.882,6715.0
274.952,6456.0
275.0221,5961.0
275.0921,4706.0
275.1621,3890.0
275.2321,3615.0
275.3021,4070.0
275.3721,4178.0
275.4421,4657.0
275.5121,5297.0
275.5821,5851.0
275.6521,5397.0
275.722,4313.0
275.792,3076.0
275.862,2476.0
275.932,2109.0
276.002,2074.0
276.0719,2026.0
276.1418,2088.0
276.2119,2134.0
276.2818,2124.0
276.3517,2027.0
276.4218,1923.0
276.4917,1910.0
276.5616,2087.0
276.6316,2366.0
276.7015,2981.0
276.7715,3229.0
276.8414,3147.0
276.9113,2687.0
276.9813,2465.0
277.0512,2108.0
277.1211,1950.0
277.191,1775.0
277.261,1867.0
277.3309,1688.0
277.4008,1718.0
277.4707,1723.0
277.5406,1709.0
277.6105,1665.0
277.6804,1742.0
277.7503,1795.0
277.8202,1993.0
277.8901,2168.0
277.96,2306.0
278.0299,2045.0
278.0998,1919.0
278.1697,1726.0
278.2396,1928.0
278.3094,2129.0
278.3793,2366.0
278.4492,2177.0
278.519,1883.0
278.5889,1716.0
278.6588,1758.0
278.7286,1845.0
278.7985,2000.0
278.8683,1897.0
278.9382,1810.0
279.0081,1619.0
279.0779,1574.0
279.1477,1448.0
279.2176,1590.0
279.2874,1505.0
279.3572,1667.0
279.4271,1497.0
279.4969,1622.0
279.5667,1487.0
279.6365,1600.0
279.7063,1551.0
279.7762,1618.0
279.846,1585.0
279.9158,1587.0
279.9856,1530.0
280.0554,1529.0
280.1252,1505.0
280.195,1544.0
280.2648,1405.0
280.3346,1515.0
280.4044,1508.0
280.4742,1688.0
280.544,1592.0
280.6137,1668.0
280.6835,1553.0
280.7533,1606.0
280.8231,1496.0
280.8928,1528.0
280.9626,1416.0
281.0323,1600.0
281.1021,1459.0
281.1719,1646.0
281.2416,1606.0
281.3114,1714.0
281.3811,1722.0
281.4509,1619.0
281.5206,1391.0
281.5904,1527.0
281.6601,1385.0
281.7299,1561.0
281.7996,1427.0
281.8693,1553.0
281.939,1487.0
282.0088,1522.0
282.0784,1400.0
282.1482,1491.0
282.2179,1474.0
282.2876,1597.0
282.3573,1559.0
282.427,1666.0
282.4967,1637.0
282.5664,1715.0
282.6361,1636.0
282.7058,1729.0
282.7755,1581.0
282.8452,1622.0
282.9149,1583.0
282.9845,1750.0
283.0542,1774.0
283.1239,2086.0
283.1936,2105.0
283.2632,2105.0
283.3329,1787.0
283.4026,1795.0
283.4722,1661.0
283.5419,1978.0
283.6115,1850.0
283.6812,1899.0
283.7508,1719.0
283.8205,1798.0
283.8901,1759.0
283.9597,2075.0
284.0294,2171.0
284.099,2155.0
284.1686,2057.0
284.2383,1955.0
284.3079,1897.0
284.3775,1953.0
284.4471,1961.0
284.5168,1892.0
284.5864,1711.0
284.656,1866.0
284.7256,1836.0
284.7952,1948.0
284.8648,1818.0
284.9344,2005.0
285.004,1819.0
285.0736,1878.0
285.1432,1778.0
285.2128,1869.0
285.2823,1726.0
285.3519,1771.0
285.4215,1651.0
285.4911,1839.0
285.5606,1822.0
285.6302,2027.0
285.6998,1969.0
285.7693,2119.0
285.8389,2105.0
285.9084,2119.0
285.978,1841.0
286.0475,1762.0
286.1171,1625.0
286.1866,1684.0
286.2562,1591.0
286.3257,1676.0
286.3952,1659.0
286.4648,1742.0
286.5343,1624.0
286.6039,1651.0
286.6733,1640.0
286.7429,1689.0
286.8124,1707.0
286.8819,1790.0
286.9514,1797.0
287.0209,1842.0
287.0904,1838.0
287.1599,2071.0
287.2294,1989.0
287.299,2170.0
287.3684,2137.0
287.4379,2093.0
287.5074,1869.0
287.5769,1936.0
287.6464,1757.0
287.7159,1718.0
287.7853,1690.0
287.8548,1746.0
287.9243,1684.0
287.9937,1674.0
288.0632,1771.0
288.1327,1791.0
288.2021,1761.0
288.2716,1826.0
288.341,1815.0
288.4105,1933.0
288.4799,1863.0
288.5493,1934.0
288.6188,1699.0
288.6882,1833.0
288.7577,1780.0
288.8271,1887.0
288.8965,1689.0
288.9659,1815.0
289.0354,1736.0
289.1048,1794.0
289.1742,1571.0
289.2436,1708.0
289.313,1717.0
289.3824,1964.0
289.4518,1897.0
289.5212,2007.0
289.5906,1838.0
289.66,1916.0
289.7294,1804.0
289.7988,1870.0
289.8682,1879.0
289.9376,1995.0
290.007,1890.0
290.0764,1978.0
290.1457,1925.0
290.2151,2029.0
290.2844,1937.0
290.3538,2111.0
290.4232,2015.0
290.4925,2164.0
290.5619,2092.0
290.6312,2204.0
290.7006,2107.0
290.7699,2167.0
290.8393,2052.0
290.9086,2056.0
290.978,1954.0
291.0473,1985.0
291.1166,1913.0
291.1859,1934.0
291.2553,1896.0
291.3246,1919.0
291.3939,1940.0
291.4632,1992.0
291.5325,1827.0
291.6018,1970.0
291.6712,1925.0
291.7405,2104.0
291.8098,2048.0
291.8791,2089.0
291.9484,2001.0
292.0176,2014.0
292.0869,1976.0
292.1562,2036.0
292.2255,1940.0
292.2948,2124.0
292.3641,1979.0
292.4334,2140.0
292.5026,1986.0
292.5719,2218.0
292.6412,2118.0
292.7104,2239.0
292.7797,2190.0
292.8489,2229.0
292.9182,2057.0
292.9875,2043.0
293.0567,1931.0
293.1259,1941.0
293.1952,1854.0
293.2644,1832.0
293.3336,1789.0
293.4029,1871.0
293.4721,1842.0
293.5413,1953.0
293.6106,1926.0
293.6798,2086.0
293.749,2109.0
293.8182,2071.0
293.8875,1912.0
293.9566,1963.0
294.0259,1921.0
294.0951,1930.0
294.1642,1881.0
294.2334,2070.0
294.3026,1951.0
294.3718,2192.0
294.441,2193.0
294.5102,2302.0
294.5794,2261.0
294.6485,2459.0
294.7177,2534.0
294.7869,2696.0
294.8561,2611.0
294.9253,2490.0
294.9944,2073.0
295.0636,2091.0
295.1327,1910.0
295.2019,1979.0
295.271,2103.0
295.3402,2330.0
295.4093,2289.0
295.4785,2345.0
295.5476,1977.0
295.6168,2037.0
295.6859,1969.0
295.755,2064.0
295.8241,1910.0
295.8932,2022.0
295.9623,1944.0
296.0315,2118.0
296.1006,1950.0
296.1697,2033.0
296.2388,1943.0
296.3079,2022.0
296.377,2015.0
296.4461,2247.0
296.5152,2202.0
296.5843,2483.0
296.6534,2391.0
296.7225,2517.0
296.7916,2387.0
296.8606,2311.0
296.9297,2257.0
296.9988,2409.0
297.0679,2172.0
297.137,2159.0
297.206,2031.0
297.2751,2234.0
297.3441,2284.0
297.4132,2172.0
297.4823,1875.0
297.5513,1967.0
297.6204,1771.0
297.6894,1866.0
297.7584,1798.0
297.8275,1939.0
297.8965,1893.0
297.9655,2143.0
298.0346,2047.0
298.1036,2207.0
298.1726,2323.0
298.2417,2368.0
298.3106,2463.0
298.3797,2831.0
298.4487,2999.0
298.5177,3009.0
298.5867,2728.0
298.6557,2565.0
298.7247,2121.0
298.7937,2013.0
298.8627,1792.0
298.9317,1864.0
299.0007,1670.0
299.0696,1840.0
299.1386,1688.0
299.2076,1774.0
299.2766,1754.0
299.3456,1999.0
299.4145,2000.0
299.4835,2050.0
299.5524,1979.0
299.6214,1857.0
299.6903,1751.0
299.7593,1848.0
299.8282,1871.0
299.8972,2035.0
299.9661,2156.0
300.0351,2373.0
300.104,2304.0
300.173,2473.0
300.2419,2179.0
300.3108,2130.0
300.3797,1946.0
300.4487,1934.0
300.5176,1732.0
300.5865,1799.0
300.6554,1771.0
300.7243,1991.0
300.7932,2033.0
300.8621,2168.0
300.931,2081.0
300.9999,2087.0
301.0688,1883.0
301.1377,1798.0
301.2066,1710.0
301.2755,1748.0
301.3444,1613.0
301.4132,1715.0
301.4821,1655.0
301.551,1805.0
301.6199,1732.0
301.6887,1838.0
301.7576,1809.0
301.8265,1933.0
301.8953,2076.0
301.9642,2498.0
302.033,2757.0
302.1019,3114.0
302.1707,2794.0
302.2396,2272.0
302.3084,1889.0
302.3772,1896.0
302.4461,1881.0
302.5149,2101.0
302.5837,2064.0
302.6526,2080.0
302.7214,1762.0
302.7902,1708.0
302.859,1652.0
302.9278,1670.0
302.9966,1764.0
303.0654,1887.0
303.1342,1764.0
303.203,1962.0
303.2718,1703.0
303.3406,1766.0
303.4094,1669.0
303.4781,1656.0
303.547,1571.0
303.6158,1681.0
303.6845,1691.0
303.7533,1926.0
303.8221,1892.0
303.8908,1777.0
303.9596,1578.0
304.0284,1667.0
304.0971,1667.0
304.1659,1798.0
304.2346,1680.0
304.3034,1747.0
304.3721,1527.0
304.4409,1627.0
304.5096,1507.0
304.5784,1732.0
304.6471,1737.0
304.7158,1869.0
304.7845,1907.0
304.8533,1933.0
304.922,1640.0
304.9907,1588.0
305.0594,1546.0
305.1281,1607.0
305.1969,1516.0
305.2656,1522.0
305.3343,1454.0
305.403,1549.0
305.4717,1487.0
305.5403,1660.0
305.609,1741.0
305.6778,1899.0
305.7464,2032.0
305.8151,2231.0
305.8838,2062.0
305.9525,2028.0
306.0211,1751.0
306.0898,1652.0
306.1585,1553.0
306.2271,1657.0
306.2958,1548.0
306.3645,1639.0
306.4331,1534.0
306.5017,1592.0
306.5704,1556.0
306.6391,1792.0
306.7077,1799.0
306.7763,1923.0
306.845,1782.0
306.9136,1710.0
306.9822,1578.0
307.0508,1673.0
307.1195,1535.0
307.1881,1563.0
307.2567,1503.0
307.3253,1621.0
307.3939,1586.0
307.4625,1731.0
307.5312,1703.0
307.5998,1869.0
307.6684,1770.0
307.7369,1837.0
307.8055,1659.0
307.8741,1757.0
307.9427,1712.0
308.0113,1727.0
308.0799,1696.0
308.1484,1881.0
308.217,1812.0
308.2856,1936.0
308.3542,1765.0
308.4227,1838.0
308.4913,1586.0
308.5598,1628.0
308.6284,1470.0
308.6969,1486.0
308.7655,1469.0
308.834,1517.0
308.9026,1414.0
308.9711,1531.0
309.0396,1533.0
309.1082,1752.0
309.1767,1742.0
309.2452,1997.0
309.3138,1969.0
309.3823,1904.0
309.4508,1682.0
309.5193,1627.0
309.5878,1502.0
309.6563,1538.0
309.7249,1484.0
309.7933,1619.0
309.8618,1635.0
309.9303,1897.0
309.9988,1865.0
310.0673,1966.0
310.1358,1799.0
310.2043,1723.0
310.2728,1554.0
310.3412,1528.0
310.4097,1463.0
310.4781,1621.0
310.5466,1523.0
310.6151,1625.0
310.6836,1574.0
310.752,1547.0
310.8205,1506.0
310.8889,1501.0
310.9574,1484.0
311.0258,1441.0
311.0943,1409.0
311.1627,1555.0
311.2311,1440.0
311.2996,1466.0
311.368,1490.0
311.4364,1554.0
311.5049,1553.0
311.5733,1610.0
311.6417,1521.0
311.7101,1577.0
311.7785,1451.0
311.8469,1460.0
311.9153,1507.0
311.9837,1592.0
312.0521,1560.0
312.1205,1585.0
312.1889,1520.0
312.2573,1647.0
312.3257,1544.0
312.3941,1700.0
312.4624,1580.0
312.5308,1600.0
312.5992,1519.0
312.6675,1588.0
312.7359,1450.0
312.8043,1524.0
312.8727,1418.0
312.941,1577.0
313.0093,1536.0
313.0777,1571.0
313.1461,1484.0
313.2144,1615.0
313.2827,1594.0
313.3511,1654.0
313.4194,1661.0
313.4877,1696.0
313.5561,1559.0
313.6244,1665.0
313.6927,1523.0
313.761,1584.0
313.8294,1470.0
313.8977,1607.0
313.966,1432.0
314.0343,1607.0
314.1026,1552.0
314.1709,1567.0
314.2392,1573.0
314.3075,1724.0
314.3758,1625.0
314.4441,1696.0
314.5124,1603.0
314.5806,1710.0
314.6489,1530.0
314.7172,1688.0
314.7855,1566.0
314.8537,1585.0
314.922,1589.0
314.9903,1689.0
315.0585,1554.0
315.1268,1675.0
315.195,1504.0
315.2633,1700.0
315.3315,1636.0
315.3998,1763.0
315.468,1691.0
315.5362,1738.0
315.6045,1544.0
315.6727,1664.0
315.7409,1613.0
315.8092,1651.0
315.8774,1565.0
315.9456,1698.0
316.0138,1600.0
316.082,1692.0
316.1502,1573.0
316.2184,1684.0
316.2867,1599.0
316.3549,1668.0
316.423,1682.0
316.4912,1700.0
316.5594,1688.0
316.6276,1761.0
316.6958,1730.0
316.764,1853.0
316.8322,1756.0
316.9003,1760.0
316.9685,1680.0
317.0367,1753.0
317.1049,1676.0
317.173,1764.0
317.2411,1728.0
317.3093,1688.0
317.3774,1654.0
317.4456,1760.0
317.5137,1672.0
317.5819,1770.0
317.65,1680.0
317.7182,1775.0
317.7863,1740.0
317.8545,1850.0
317.9225,1825.0
317.9907,1856.0
318.0588,1799.0
318.1269,1832.0
318.195,1781.0
318.2631,1834.0
318.3312,1742.0
318.3994,1793.0
318.4675,1630.0
318.5355,1790.0
318.6036,1687.0
318.6717,1767.0
318.7398,1734.0
318.8079,1791.0
318.876,1717.0
318.9441,1787.0
319.0121,1719.0
319.0802,1831.0
319.1483,1819.0
319.2164,1940.0
319.2844,1909.0
319.3525,2017.0
319.4205,1889.0
319.4886,1999.0
319.5566,1898.0
319.6247,1958.0
319.6927,1958.0
319.7608,1974.0
319.8288,1885.0
319.8968,1875.0
319.9648,1895.0
320.0329,2059.0
320.1009,1881.0
320.1689,1970.0
320.237,1783.0
320.305,1871.0
320.373,1853.0
320.441,1882.0
320.509,1927.0
320.577,1957.0
320.645,1867.0
320.713,1896.0
320.781,1861.0
320.849,1949.0
320.917,1878.0
320.985,2121.0
321.0529,2188.0
321.1209,2360.0
321.1889,2346.0
321.2568,2351.0
321.3248,2324.0
321.3928,2398.0
321.4608,2270.0
321.5287,2209.0
321.5966,2061.0
321.6646,2098.0
321.7325,1995.0
321.8005,2065.0
321.8684,2024.0
321.9364,2198.0
322.0043,2075.0
322.0722,2103.0
322.1401,2170.0
322.2081,2312.0
322.276,2151.0
322.344,2205.0
322.4119,2149.0
322.4797,2271.0
322.5477,2178.0
322.6156,2313.0
322.6835,2264.0
322.7514,2360.0
322.8193,2195.0
322.8871,2235.0
322.955,2050.0
323.0229,2106.0
323.0908,1940.0
323.1588,1991.0
323.2266,1913.0
323.2945,2035.0
323.3623,2013.0
323.4302,2014.0
323.4981,1833.0
323.5659,1996.0
323.6338,1903.0
323.7016,1948.0
323.7695,1903.0
323.8373,1968.0
323.9052,1898.0
323.973,1959.0
324.0409,1784.0
324.1087,1951.0
324.1765,1820.0
324.2444,1877.0
324.3122,1841.0
324.38,2060.0
324.4479,1957.0
324.5157,2062.0
324.5834,2028.0
324.6512,2210.0
324.7191,2168.0
324.7869,2284.0
324.8547,2177.0
324.9225,2052.0
324.9903,1881.0
325.058,2022.0
325.1259,1890.0
325.1936,1970.0
325.2614,1852.0
325.3292,2036.0
325.397,2001.0
325.4647,2059.0
325.5325,1939.0
325.6002,1998.0
325.668,1976.0
325.7358,2066.0
325.8036,2021.0
325.8713,2115.0
325.939,2043.0
326.0068,2180.0
326.0745,2007.0
326.1422,1992.0
326.21,1881.0
326.2777,2031.0
326.3455,1888.0
326.4132,2019.0
326.4809,1942.0
326.5486,2140.0
326.6164,1949.0
326.6841,1916.0
326.7518,1877.0
326.8195,1981.0
326.8872,1908.0
326.9549,1972.0
327.0226,1796.0
327.0903,1996.0
327.158,2000.0
327.2256,2006.0
327.2933,1960.0
327.361,2108.0
327.4287,2042.0
327.4964,2142.0
327.5641,1923.0
327.6317,1992.0
327.6994,1806.0
327.767,2007.0
327.8347,1823.0
327.9023,1981.0
327.97,1878.0
328.0376,2011.0
328.1053,2013.0
328.1729,1961.0
328.2406,1890.0
328.3082,2039.0
328.3759,1951.0
328.4435,1890.0
328.5111,1930.0
328.5787,2019.0
328.6463,1955.0
328.7139,2065.0
328.7816,2035.0
328.8492,1935.0
328.9168,1839.0
328.9843,1853.0
329.052,1780.0
329.1196,1901.0
329.1872,1827.0
329.2548,1971.0
329.3224,1904.0
329.3899,1892.0
329.4575,1730.0
329.5251,1811.0
329.5927,1787.0
329.6602,1888.0
329.7278,1818.0
329.7953,1797.0
329.8629,1777.0
329.9305,1907.0
329.998,1698.0
330.0656,1859.0
330.1331,1730.0
330.2007,1812.0
330.2682,1687.0
330.3358,1775.0
330.4033,1765.0
330.4708,2005.0
330.5383,1988.0
330.6059,2177.0
330.6734,2133.0
330.7409,2008.0
330.8084,1926.0
330.876,1832.0
330.9435,1722.0
331.011,1832.0
331.0784,1724.0
331.1459,1877.0
331.2134,1750.0
331.2809,1833.0
331.3484,1794.0
331.4159,1914.0
331.4834,1736.0
331.5508,1773.0
331.6183,1710.0
331.6858,1761.0
331.7533,1631.0
331.8207,1658.0
331.8882,1666.0
331.9557,1749.0
332.0231,1688.0
332.0906,1747.0
332.1581,1635.0
332.2255,1731.0
332.2929,1680.0
332.3604,1842.0
332.4278,1785.0
332.4952,1797.0
332.5627,1743.0
332.6301,1952.0
332.6975,1769.0
332.7649,1942.0
332.8323,1856.0
332.8997,1955.0
332.9672,1738.0
333.0346,1900.0
333.102,1787.0
333.1694,1918.0
333.2368,1729.0
333.3042,1803.0
333.3716,1716.0
333.439,1797.0
333.5063,1645.0
333.5737,1794.0
333.6411,1661.0
333.7085,1744.0
333.7758,1748.0
333.8432,1846.0
333.9106,1749.0
333.9779,1854.0
334.0453,1730.0
334.1126,1934.0
334.18,1731.0
334.2473,1926.0
334.3147,1739.0
334.382,1805.0
334.4494,1779.0
334.5167,1791.0
334.584,1795.0
334.6514,1895.0
334.7187,1814.0
334.786,1963.0
334.8533,1853.0
334.9206,1863.0
334.9879,1785.0
335.0553,1937.0
335.1226,1799.0
335.1899,1814.0
335.2572,1717.0
335.3245,1816.0
335.3918,1762.0
335.459,1861.0
335.5263,1835.0
335.5936,1928.0
335.6609,1818.0
335.7282,1971.0
335.7954,1814.0
335.8627,1945.0
335.93,1826.0
335.9973,1823.0
336.0645,1705.0
336.1318,1859.0
336.199,1766.0
336.2662,1811.0
336.3335,1697.0
336.4008,1762.0
336.468,1677.0
336.5352,1803.0
336.6024,1695.0
336.6697,1764.0
336.7369,1647.0
336.8041,1764.0
336.8714,1679.0
336.9386,1795.0
337.0058,1772.0
337.073,1705.0
337.1402,1656.0
337.2074,1715.0
337.2746,1605.0
337.3418,1704.0
337.409,1578.0
337.4762,1670.0
337.5434,1619.0
337.6106,1706.0
337.6777,1578.0
337.7449,1701.0
337.8121,1617.0
337.8792,1635.0
337.9464,1617.0
338.0135,1709.0
338.0807,1626.0
338.1479,1654.0
338.2151,1555.0
338.2822,1696.0
338.3493,1672.0
338.4165,1763.0
338.4836,1635.0
338.5508,1693.0
338.6179,1596.0
338.6851,1724.0
338.7521,1679.0
338.8193,1827.0
338.8864,1638.0
338.9535,1700.0
339.0206,1640.0
339.0878,1707.0
339.1548,1659.0
339.222,1821.0
339.289,1744.0
339.3561,1878.0
339.4233,1723.0
339.4904,1847.0
339.5574,1694.0
339.6245,1680.0
339.6916,1601.0
339.7587,1737.0
339.8257,1721.0
339.8929,1795.0
339.9599,1788.0
340.0269,1694.0
340.094,1576.0
340.1611,1688.0
340.2281,1637.0
340.2952,1812.0
340.3622,1653.0
340.4293,1768.0
340.4963,1752.0
340.5633,1822.0
340.6304,1760.0
340.6974,1842.0
340.7645,1844.0
340.8315,1874.0
340.8985,1697.0
340.9655,1728.0
341.0325,1667.0
341.0995,1756.0
341.1665,1685.0
341.2335,1712.0
341.3005,1750.0
341.3675,1809.0
341.4345,1666.0
341.5015,1728.0
341.5685,1672.0
341.6355,1815.0
341.7025,1672.0
341.7694,1771.0
341.8364,1810.0
341.9034,1814.0
341.9704,1647.0
342.0373,1800.0
342.1043,1651.0
342.1712,1857.0
342.2382,1813.0
342.3051,2013.0
342.3721,1768.0
342.4391,1975.0
342.506,1838.0
342.5729,1926.0
342.6398,1890.0
342.7068,2032.0
342.7737,1929.0
342.8406,1907.0
342.9076,1705.0
342.9745,1685.0
343.0414,1646.0
343.1083,1730.0
343.1752,1635.0
343.2421,1700.0
343.309,1586.0
343.3759,1697.0
343.4428,1635.0
343.5097,1725.0
343.5766,1630.0
343.6434,1681.0
343.7104,1654.0
343.7772,1733.0
343.8441,1778.0
343.9109,1965.0
343.9778,2104.0
344.0447,2341.0
344.1116,2410.0
344.1784,2177.0
344.2453,1836.0
344.3121,1894.0
344.3789,1798.0
344.4458,1983.0
344.5127,1738.0
344.5795,1844.0
344.6463,1625.0
344.7131,1761.0
344.78,1659.0
344.8468,1789.0
344.9136,1684.0
344.9805,1860.0
345.0473,1772.0
345.1141,1921.0
345.1809,1768.0
345.2477,1924.0
345.3145,1768.0
345.3813,1928.0
345.4481,1882.0
345.5149,1912.0
345.5816,1768.0
345.6484,1910.0
345.7152,1710.0
345.782,1687.0
345.8488,1620.0
345.9155,1676.0
345.9823,1591.0
346.049,1741.0
346.1158,1629.0
346.1826,1700.0
346.2493,1676.0
346.3161,1775.0
346.3828,1666.0
346.4496,1844.0
346.5163,1778.0
346.5831,1834.0
346.6498,1827.0
346.7165,1695.0
346.7832,1630.0
346.85,1747.0
346.9167,1681.0
346.9834,1699.0
347.0501,1587.0
347.1168,1771.0
347.1835,1705.0
347.2502,1728.0
347.3169,1685.0
347.3836,1905.0
347.4503,1911.0
347.517,1970.0
347.5837,2030.0
347.6504,1940.0
347.717,1826.0
347.7837,1769.0
347.8504,1653.0
347.9171,1747.0
347.9837,1694.0
348.0504,1859.0
348.1171,1696.0
348.1837,1842.0
348.2504,1731.0
348.317,1767.0
348.3837,1701.0
348.4503,1806.0
348.5169,1675.0
348.5836,1769.0
348.6502,1609.0
348.7169,1752.0
348.7835,1717.0
348.8501,1791.0
348.9167,1708.0
348.9833,1944.0
349.0499,1912.0
349.1165,1972.0
349.1832,1695.0
349.2498,1756.0
349.3163,1710.0
349.3829,1754.0
349.4495,1776.0
349.5161,1861.0
349.5827,1824.0
349.6493,1919.0
349.7159,1755.0
349.7824,1892.0
349.849,1724.0
349.9156,1838.0
349.9821,1703.0
350.0487,1727.0
350.1153,1680.0
350.1818,1724.0
350.2484,1691.0
350.3149,1805.0
350.3814,1611.0
350.448,1710.0
350.5146,1668.0
350.5811,1795.0
350.6476,1728.0
350.7141,1779.0
350.7807,1597.0
350.8472,1714.0
350.9137,1603.0
350.9802,1768.0
351.0467,1729.0
351.1132,1832.0
351.1797,1769.0
351.2462,1803.0
351.3127,1844.0
351.3792,1950.0
351.4457,1740.0
351.5122,1808.0
351.5787,1645.0
351.6451,1680.0
351.7116,1615.0
351.7781,1766.0
351.8446,1644.0
351.911,1782.0
351.9775,1730.0
352.044,1855.0
352.1104,1841.0
352.1769,2036.0
352.2433,1873.0
352.3098,1889.0
352.3762,1879.0
352.4427,2082.0
352.5091,1916.0
352.5755,2108.0
352.642,2106.0
352.7084,2121.0
352.7748,1923.0
352.8412,1956.0
352.9077,1844.0
352.9741,1991.0
353.0405,1920.0
353.1068,1947.0
353.1732,1988.0
353.2396,2156.0
353.306,1903.0
353.3724,1934.0
353.4388,1903.0
353.5052,1992.0
353.5716,1896.0
353.638,1985.0
353.7043,1933.0
353.7707,1955.0
353.8371,1808.0
353.9034,2016.0
353.9698,1874.0
354.0362,2064.0
354.1025,2035.0
354.1689,2158.0
354.2352,1952.0
354.3016,2069.0
354.3679,1874.0
354.4342,1955.0
354.5005,1855.0
354.5669,1964.0
354.6332,1860.0
354.6996,1899.0
354.7659,1807.0
354.8322,1893.0
354.8985,1864.0
354.9648,1936.0
355.0311,1877.0
355.0974,1881.0
355.1637,1870.0
355.23,2008.0
355.2963,1942.0
355.3625,2158.0
355.4289,2122.0
355.4952,2199.0
355.5614,2068.0
355.6277,2095.0
355.694,2083.0
355.7603,2149.0
355.8265,2063.0
355.8928,2196.0
355.959,1969.0
356.0253,1905.0
356.0916,1804.0
356.1578,1891.0
356.224,1808.0
356.2903,1886.0
356.3565,2000.0
356.4228,2196.0
356.489,2323.0
356.5552,2598.0
356.6214,2373.0
356.6876,2274.0
356.7539,2220.0
356.8201,2547.0
356.8863,2777.0
356.9525,3110.0
357.0187,3129.0
357.0849,3110.0
357.1511,2363.0
357.2173,2238.0
357.2835,2147.0
357.3497,2140.0
357.4158,2131.0
357.482,2125.0
357.5482,2019.0
357.6144,2069.0
357.6805,2006.0
357.7467,2089.0
357.8128,2048.0
357.879,2367.0
357.9452,2558.0
358.0114,2869.0
358.0775,3162.0
358.1436,3750.0
358.2097,3225.0
358.2759,2689.0
358.342,2372.0
358.4082,2689.0
358.4743,2633.0
358.5404,2892.0
358.6065,2774.0
358.6726,2596.0
358.7387,2394.0
358.8049,2312.0
358.871,2038.0
358.9371,2001.0
359.0032,1888.0
359.0693,1933.0
359.1353,1840.0
359.2014,2009.0
359.2676,1970.0
359.3336,2002.0
359.3997,1900.0
359.4658,1986.0
359.5318,1934.0
359.5979,2019.0
359.664,1903.0
359.7301,1956.0
359.7961,1977.0
359.8622,2071.0
359.9282,1983.0
359.9943,2051.0
360.0603,1948.0
360.1264,2070.0
360.1924,1993.0
360.2585,2057.0
360.3244,2181.0
360.3905,2220.0
360.4565,2171.0
360.5225,2428.0
360.5885,2562.0
360.6546,2726.0
360.7206,2708.0
360.7866,2689.0
360.8526,2634.0
360.9185,2955.0
360.9846,2591.0
361.0506,2372.0
361.1165,2054.0
361.1825,2093.0
361.2485,2009.0
361.3145,2103.0
361.3805,2060.0
361.4465,2065.0
361.5124,1940.0
361.5784,2118.0
361.6443,2197.0
361.7103,2378.0
361.7762,2480.0
361.8422,2878.0
361.9082,2973.0
361.9741,2718.0
362.04,2349.0
362.106,2246.0
362.1719,2351.0
362.2379,2284.0
362.3038,2047.0
362.3697,2004.0
362.4356,1873.0
362.5015,2053.0
362.5675,1914.0
362.6334,2041.0
362.6993,1974.0
362.7652,2026.0
362.8311,1946.0
362.8969,2199.0
362.9629,2304.0
363.0287,2605.0
363.0947,2763.0
363.1605,3101.0
363.2264,2765.0
363.2923,2344.0
363.3582,2272.0
363.424,2301.0
363.4899,2276.0
363.5557,2216.0
363.6216,2134.0
363.6874,2206.0
363.7533,2242.0
363.8191,2196.0
363.885,2114.0
363.9508,2153.0
364.0167,2109.0
364.0825,2219.0
364.1483,2072.0
364.2142,2155.0
364.28,2028.0
364.3458,2166.0
364.4116,2089.0
364.4774,2272.0
364.5432,2387.0
364.609,2562.0
364.6748,2559.0
364.7406,2708.0
364.8065,2838.0
364.8722,2783.0
364.938,2375.0
365.0038,2391.0
365.0696,2248.0
365.1354,2293.0
365.2011,2157.0
365.2669,2149.0
365.3326,1979.0
365.3984,2012.0
365.4642,2054.0
365.5299,2018.0
365.5957,1842.0
365.6614,1933.0
365.7272,1744.0
365.7929,1933.0
365.8587,1813.0
365.9244,2011.0
365.9902,1886.0
366.0559,2048.0
366.1216,2020.0
366.1873,2060.0
366.253,1979.0
366.3188,2131.0
366.3845,1964.0
366.4502,2074.0
366.5159,1988.0
366.5816,2001.0
366.6473,1893.0
366.713,1910.0
366.7787,1941.0
366.8444,2126.0
366.91,2148.0
366.9757,2302.0
367.0414,2069.0
367.1071,2192.0
367.1727,2169.0
367.2384,2188.0
367.3041,2143.0
367.3697,2188.0
367.4354,2004.0
367.501,2050.0
367.5667,1924.0
367.6323,2109.0
367.698,2068.0
367.7636,2224.0
367.8292,2199.0
367.8948,2134.0
367.9605,2072.0
368.0261,2142.0
368.0918,2024.0
368.1573,2157.0
368.223,2083.0
368.2885,2280.0
368.3542,2225.0
368.4198,2328.0
368.4854,2328.0
368.551,2395.0
368.6165,2440.0
368.6821,2502.0
368.7477,2468.0
368.8133,2406.0
368.8789,2043.0
368.9445,2070.0
369.01,1963.0
369.0756,2074.0
369.1411,1965.0
369.2067,2095.0
369.2723,1917.0
369.3379,2089.0
369.4034,2091.0
369.4689,2062.0
369.5345,2021.0
369.6,2030.0
369.6656,1958.0
369.7311,2119.0
369.7966,2103.0
369.8622,2156.0
369.9277,1991.0
369.9932,2137.0
370.0587,2007.0
370.1242,2145.0
370.1897,1988.0
370.2552,2073.0
370.3207,1986.0
370.3862,2185.0
370.4517,2150.0
370.5172,2274.0
370.5827,2156.0
370.6482,2111.0
370.7136,2156.0
370.7791,2195.0
370.8446,2207.0
370.9101,2276.0
370.9756,2203.0
371.041,2114.0
371.1064,2095.0
371.1719,2213.0
371.2373,2130.0
371.3028,2309.0
371.3683,2443.0
371.4337,2457.0
371.4991,2500.0
371.5646,2381.0
371.63,2202.0
371.6954,2229.0
371.7608,2100.0
371.8263,2418.0
371.8917,2548.0
371.9571,2831.0
372.0225,2942.0
372.0879,2698.0
372.1533,2425.0
372.2187,2432.0
372.2841,2351.0
372.3495,2271.0
372.4149,2123.0
372.4803,2182.0
372.5457,2040.0
372.611,2229.0
372.6764,2243.0
372.7418,2429.0
372.8071,2401.0
372.8725,2276.0
372.9379,2182.0
373.0032,2321.0
373.0686,2428.0
373.1339,2518.0
373.1992,2550.0
373.2646,2919.0
373.3299,3166.0
373.3953,3420.0
373.4606,3591.0
373.5259,3977.0
373.5912,3485.0
373.6566,3293.0
373.7219,3190.0
373.7872,2901.0
373.8525,2524.0
373.9178,2358.0
373.9831,2248.0
374.0484,2345.0
374.1137,2226.0
374.179,2302.0
374.2443,2375.0
374.3096,2540.0
374.3749,2692.0
374.4401,2819.0
374.5054,2615.0
374.5706,2959.0
374.636,2772.0
374.7012,2612.0
374.7665,2687.0
374.8318,3089.0
374.897,3187.0
374.9622,3420.0
375.0275,2938.0
375.0927,2589.0
375.158,2296.0
375.2232,2411.0
375.2885,2278.0
375.3537,2311.0
375.4189,2074.0
375.4841,2206.0
375.5493,2187.0
375.6145,2405.0
375.6797,2577.0
375.745,2725.0
375.8101,2937.0
375.8754,3011.0
375.9406,2456.0
376.0057,2380.0
376.071,2188.0
376.1361,2400.0
376.2013,2407.0
376.2665,2602.0
376.3317,2712.0
376.3969,2948.0
376.462,2716.0
376.5272,2625.0
376.5923,2711.0
376.6575,2690.0
376.7226,2696.0
376.7878,2532.0
376.8529,2274.0
376.9181,2271.0
376.9832,2151.0
377.0483,2156.0
377.1135,2064.0
377.1786,2165.0
377.2437,2095.0
377.3089,2225.0
377.374,2158.0
377.4391,2258.0
377.5042,2308.0
377.5693,2379.0
377.6344,2172.0
377.6995,2189.0
377.7646,2051.0
377.8297,2220.0
377.8948,2141.0
377.9599,2298.0
378.025,2176.0
378.09,2337.0
378.1551,2226.0
378.2202,2328.0
378.2852,2315.0
378.3503,2652.0
378.4154,2736.0
378.4804,2705.0
378.5455,2476.0
378.6105,2401.0
378.6755,2348.0
378.7406,2338.0
378.8057,2276.0
378.8707,2226.0
378.9357,2022.0
379.0008,2210.0
379.0658,2081.0
379.1308,2254.0
379.1958,2179.0
379.2609,2255.0
379.3259,2131.0
379.3908,2362.0
379.4558,2335.0
379.5208,2563.0
379.5858,2439.0
379.6509,2531.0
379.7159,2313.0
379.7808,2437.0
379.8458,2491.0
379.9108,2509.0
379.9758,2539.0
380.0407,2426.0
380.1057,2294.0
380.1707,2429.0
380.2356,2394.0
380.3006,2497.0
380.3655,2611.0
380.4305,2657.0
380.4955,2828.0
380.5604,3063.0
380.6253,2606.0
380.6902,2601.0
380.7552,2542.0
380.8201,2562.0
380.885,2411.0
380.95,2463.0
381.0149,2410.0
381.0798,2483.0
381.1447,2385.0
381.2096,2541.0
381.2745,2519.0
381.3394,2611.0
381.4043,2637.0
381.4692,2930.0
381.5341,3092.0
381.5989,3401.0
381.6638,2891.0
381.7287,2640.0
381.7936,2589.0
381.8585,2772.0
381.9233,2822.0
381.9882,3287.0
382.053,3364.0
382.1179,3330.0
382.1828,2698.0
382.2476,2755.0
382.3124,2569.0
382.3773,2866.0
382.4421,3075.0
382.507,3211.0
382.5718,3381.0
382.6366,3612.0
382.7014,3159.0
382.7663,3245.0
382.8311,3099.0
382.8959,2942.0
382.9607,2588.0
383.0255,2603.0
383.0903,2494.0
383.1551,2467.0
383.2199,2315.0
383.2847,2548.0
383.3495,2509.0
383.4143,2837.0
383.479,2659.0
383.5438,2531.0
383.6086,2414.0
383.6734,2600.0
383.7381,2548.0
383.8029,2711.0
383.8676,2839.0
383.9324,3221.0
383.9972,3156.0
384.0619,3436.0
384.1266,3171.0
384.1914,2971.0
384.2562,2664.0
384.3209,2502.0
384.3856,2394.0
384.4503,2587.0
384.515,2527.0
384.5797,2612.0
384.6445,2695.0
384.7092,2925.0
384.7739,2909.0
384.8386,3285.0
384.9033,2992.0
384.968,2901.0
385.0327,3008.0
385.0974,3004.0
385.162,2940.0
385.2267,2782.0
385.2914,2404.0
385.3561,2354.0
385.4208,2244.0
385.4854,2360.0
385.5501,2369.0
385.6147,2504.0
385.6794,2407.0
385.7441,2462.0
385.8087,2498.0
385.8734,2716.0
385.938,2870.0
386.0027,3049.0
386.0673,2775.0
386.1319,2689.0
386.1966,2642.0
386.2612,2845.0
386.3258,2822.0
386.3904,2879.0
386.455,2498.0
386.5196,2607.0
386.5843,2598.0
386.6489,2489.0
386.7135,2331.0
386.778,2333.0
386.8426,2225.0
386.9072,2419.0
386.9718,2276.0
387.0364,2319.0
387.101,2300.0
387.1655,2392.0
387.2301,2465.0
387.2946,2576.0
387.3593,2563.0
387.4238,2648.0
387.4884,2548.0
387.5529,2760.0
387.6175,2864.0
387.682,2897.0
387.7466,2904.0
387.8111,3190.0
387.8756,3176.0
387.9402,2962.0
388.0047,2818.0
388.0692,2760.0
388.1337,2587.0
388.1982,2540.0
388.2628,2459.0
388.3272,2539.0
388.3918,2514.0
388.4563,2709.0
388.5208,2700.0
388.5852,3091.0
388.6497,3137.0
388.7142,3195.0
388.7787,3032.0
388.8432,3230.0
388.9077,3279.0
388.9721,3536.0
389.0366,3455.0
389.1011,3414.0
389.1655,2983.0
389.23,2817.0
389.2944,2486.0
389.3589,2553.0
389.4233,2499.0
389.4878,2687.0
389.5522,2502.0
389.6167,2605.0
389.6811,2376.0
389.7455,2527.0
389.8099,2565.0
389.8744,2709.0
389.9388,2796.0
390.0032,3078.0
390.0676,2707.0
390.132,2744.0
390.1964,2824.0
390.2608,2788.0
390.3252,2579.0
390.3896,2531.0
390.454,2454.0
390.5184,2818.0
390.5827,2860.0
390.6471,3033.0
390.7115,2879.0
390.7759,3069.0
390.8402,3037.0
390.9046,2854.0
390.9689,2644.0
391.0333,2789.0
391.0977,2788.0
391.162,2926.0
391.2264,2731.0
391.2907,2746.0
391.355,2552.0
391.4193,2552.0
391.4837,2505.0
391.548,2675.0
391.6123,2645.0
391.6767,2832.0
391.741,2776.0
391.8053,3036.0
391.8696,2865.0
391.9339,2902.0
391.9982,2896.0
392.0625,2900.0
392.1268,2698.0
392.1911,2590.0
392.2553,2615.0
392.3196,2638.0
392.3839,2502.0
392.4482,2543.0
392.5125,2573.0
392.5767,2789.0
392.641,2685.0
392.7053,2717.0
392.7695,2753.0
392.8338,2804.0
392.898,2600.0
392.9622,2656.0
393.0265,2578.0
393.0908,2446.0
393.155,2300.0
393.2192,2318.0
393.2834,2498.0
393.3477,2577.0
393.4118,2719.0
393.476,2914.0
393.5403,2759.0
393.6045,2881.0
393.6687,2776.0
393.7329,2707.0
393.7971,2603.0
393.8613,2767.0
393.9255,2656.0
393.9897,2624.0
394.0539,2633.0
394.118,2863.0
394.1822,2811.0
394.2464,2842.0
394.3105,2718.0
394.3747,2866.0
394.4389,2793.0
394.503,2669.0
394.5672,2475.0
394.6313,2563.0
394.6954,2591.0
394.7596,2754.0
394.8238,2714.0
394.8879,2827.0
394.952,2889.0
395.0161,3045.0
395.0803,3233.0
395.1444,3507.0
395.2085,3145.0
395.2726,3084.0
395.3367,2900.0
395.4008,2744.0
395.4649,2589.0
395.529,2828.0
395.5931,2684.0
395.6572,2984.0
395.7213,2786.0
395.7854,2914.0
395.8495,2612.0
395.9135,2600.0
395.9776,2638.0
396.0417,2949.0
396.1057,3117.0
396.1698,3526.0
396.2339,3546.0
396.2979,3571.0
396.362,3288.0
396.426,3156.0
396.4901,2977.0
396.5541,2929.0
396.6181,2831.0
396.6821,2846.0
396.7462,2884.0
396.8102,3082.0
396.8743,3014.0
396.9383,3003.0
397.0023,2679.0
397.0662,2726.0
397.1302,2713.0
397.1943,2873.0
397.2583,2995.0
397.3223,3173.0
397.3862,2927.0
397.4502,2674.0
397.5142,2590.0
397.5782,2675.0
397.6422,2732.0
397.7061,2613.0
397.7701,2641.0
397.8341,2585.0
397.898,2493.0
397.962,2770.0
398.0259,2588.0
398.0899,2736.0
398.1538,2694.0
398.2178,2862.0
398.2817,2671.0
398.3456,2580.0
398.4096,2314.0
398.4735,2339.0
398.5374,2309.0
398.6013,2397.0
398.6653,2430.0
398.7292,2339.0
398.7931,2393.0
398.857,2554.0
398.9209,2548.0
398.9848,3019.0
399.0487,3005.0
399.1125,3052.0
399.1765,3057.0
399.2404,3102.0
399.3042,2839.0
399.3681,2980.0
399.432,3010.0
399.4958,2938.0
399.5597,2659.0
399.6236,2741.0
399.6875,2856.0
399.7513,3033.0
399.8152,2951.0
399.879,2831.0
399.9428,2554.0
400.0067,2628.0
400.0705,2470.0
400.1343,2429.0
400.1982,2355.0
400.262,2579.0
400.3258,2572.0
400.3896,2837.0
400.4534,2740.0
400.5172,2759.0
400.581,2577.0
400.6448,2704.0
400.7086,2648.0
400.7724,2850.0
400.8362,2887.0
400.9,3038.0
400.9638,2888.0
401.0276,3224.0
401.0913,3689.0
401.1551,3789.0
401.2189,3901.0
401.2826,3644.0
401.3464,2968.0
401.4102,2760.0
401.4739,2486.0
401.5376,2464.0
401.6014,2344.0
401.6651,2442.0
401.7289,2342.0
401.7926,2469.0
401.8564,2520.0
401.92,2888.0
401.9838,3003.0
402.0475,3227.0
402.1112,3396.0
402.175,3304.0
402.2386,3056.0
402.3023,2765.0
402.366,2457.0
402.4297,2400.0
402.4934,2220.0
402.5571,2350.0
402.6208,2130.0
402.6845,2250.0
402.7482,2210.0
402.8118,2414.0
402.8755,2541.0
402.9392,2703.0
403.0028,2895.0
403.0665,3039.0
403.1301,3013.0
403.1938,3018.0
403.2574,2865.0
403.3211,2941.0
403.3847,2569.0
403.4484,2496.0
403.512,2243.0
403.5756,2440.0
403.6393,2368.0
403.7029,2494.0
403.7665,2626.0
403.8301,2759.0
403.8937,2846.0
403.9573,2960.0
404.0209,2937.0
404.0845,3133.0
404.1481,2755.0
404.2117,2679.0
404.2753,2744.0
404.3389,2982.0
404.4024,3146.0
404.466,3441.0
404.5296,3681.0
404.5932,4042.0
404.6567,3381.0
404.7203,2875.0
404.7838,2584.0
404.8474,2642.0
404.9109,2465.0
404.9745,2534.0
405.0381,2415.0
405.1016,2530.0
405.1651,2453.0
405.2286,2556.0
405.2922,2499.0
405.3557,2781.0
405.4193,2761.0
405.4828,2732.0
405.5462,2640.0
405.6097,2673.0
405.6733,2746.0
405.7368,2702.0
405.8003,2602.0
405.8638,2862.0
405.9272,3020.0
405.9907,3375.0
406.0542,3639.0
406.1177,3869.0
406.1812,3605.0
406.2446,3640.0
406.3081,3525.0
406.3716,3365.0
406.435,2758.0
406.4985,2476.0
406.562,2228.0
406.6254,2360.0
406.6888,2238.0
406.7523,2439.0
406.8157,2398.0
406.8791,2648.0
406.9426,2658.0
407.006,2775.0
407.0694,2761.0
407.1328,3141.0
407.1962,3028.0
407.2597,2751.0
407.3231,2513.0
407.3865,2658.0
407.4499,2582.0
407.5133,2786.0
407.5767,2473.0
407.64,2492.0
407.7034,2499.0
407.7668,2539.0
407.8302,2501.0
407.8936,2546.0
407.9569,2446.0
408.0203,2557.0
408.0836,2549.0
408.147,2624.0
408.2104,2457.0
408.2737,2549.0
408.3371,2450.0
408.4004,2582.0
408.4637,2494.0
408.5271,2564.0
408.5905,2408.0
408.6537,2401.0
408.7171,2207.0
408.7804,2277.0
408.8437,2190.0
408.907,2268.0
408.9703,2196.0
409.0336,2181.0
409.0969,2146.0
409.1602,2189.0
409.2235,2158.0
409.2868,2274.0
409.3501,2182.0
409.4134,2283.0
409.4767,2308.0
409.5399,2529.0
409.6032,2407.0
409.6665,2487.0
409.7297,2421.0
409.793,2584.0
409.8563,2712.0
409.9195,2849.0
409.9827,2917.0
410.046,3124.0
410.1092,2904.0
410.1725,2686.0
410.2357,2516.0
410.299,2516.0
410.3622,2538.0
410.4254,2600.0
410.4886,2489.0
410.5518,2582.0
410.615,2552.0
410.6782,2919.0
410.7414,3128.0
410.8046,3502.0
410.8678,3501.0
410.931,3572.0
410.9942,3115.0
411.0574,2728.0
411.1205,2391.0
411.1837,2356.0
411.2469,2296.0
411.3101,2363.0
411.3733,2370.0
411.4364,2419.0
411.4995,2274.0
411.5627,2408.0
411.6259,2359.0
411.689,2595.0
411.7521,2511.0
411.8153,2731.0
411.8784,2654.0
411.9415,2459.0
412.0046,2211.0
412.0678,2313.0
412.1309,2157.0
412.194,2225.0
412.2571,2137.0
412.3203,2215.0
412.3833,2210.0
412.4464,2206.0
412.5096,2124.0
412.5727,2148.0
412.6357,2111.0
412.6988,2239.0
412.7619,2105.0
412.825,2248.0
412.8881,2218.0
412.9511,2417.0
413.0142,2415.0
413.0772,2598.0
413.1403,2472.0
413.2033,2723.0
413.2664,2590.0
413.3294,2627.0
413.3925,2483.0
413.4555,2516.0
413.5186,2513.0
413.5816,2469.0
413.6446,2215.0
413.7076,2141.0
413.7707,1984.0
413.8337,2020.0
413.8967,1940.0
413.9597,2117.0
414.0227,2230.0
414.0857,2480.0
414.1487,2650.0
414.2117,2760.0
414.2747,2946.0
414.3376,3063.0
414.4006,2804.0
414.4636,2527.0
414.5266,2170.0
414.5896,2207.0
414.6525,2115.0
414.7155,2108.0
414.7784,2027.0
414.8414,2053.0
414.9044,2029.0
414.9673,2069.0
415.0303,1996.0
415.0932,2103.0
415.1561,2066.0
415.2191,2088.0
415.282,2130.0
415.3449,2354.0
415.4079,2425.0
415.4708,2619.0
415.5336,2628.0
415.5966,2801.0
415.6595,2489.0
415.7224,2338.0
415.7853,2167.0
415.8482,2122.0
415.9111,2098.0
415.9739,2260.0
416.0368,2103.0
416.0997,2077.0
416.1626,2039.0
416.2255,2161.0
416.2883,2174.0
416.3512,2397.0
416.414,2322.0
416.4769,2413.0
416.5397,2132.0
416.6026,2119.0
416.6654,1946.0
416.7283,1999.0
416.7911,2094.0
416.8539,2062.0
416.9167,2021.0
416.9796,2167.0
417.0424,2137.0
417.1052,2293.0
417.168,2245.0
417.2308,2300.0
417.2936,2279.0
417.3564,2288.0
417.4193,2266.0
417.4821,2456.0
417.5448,2612.0
417.6076,2661.0
417.6704,2696.0
417.7332,2837.0
417.796,2704.0
417.8587,2728.0
417.9215,2642.0
417.9842,2530.0
418.047,2252.0
418.1098,2208.0
418.1725,2130.0
418.2353,2215.0
418.298,2133.0
418.3607,2170.0
418.4235,2180.0
418.4862,2287.0
418.549,2217.0
418.6117,2326.0
418.6744,2357.0
418.7371,2426.0
418.7998,2309.0
418.8625,2392.0
418.9252,2283.0
418.9879,2288.0
419.0507,2171.0
419.1133,2226.0
419.176,2050.0
419.2387,2059.0
419.3014,2000.0
419.3641,2033.0
419.4268,2079.0
419.4894,2185.0
419.5521,2107.0
419.6147,2156.0
419.6774,2062.0
419.7401,2159.0
419.8027,2140.0
419.8654,2237.0
419.928,2168.0
419.9906,2193.0
420.0533,2021.0
420.1159,2152.0
420.1785,2096.0
420.2411,2218.0
420.3038,2002.0
420.3664,2118.0
420.429,1988.0
420.4916,2186.0
420.5542,2085.0
420.6168,2323.0
420.6794,2201.0
420.742,2136.0
420.8046,2087.0
420.8672,2098.0
420.9297,2005.0
420.9923,2116.0
421.0549,2040.0
421.1175,2295.0
421.18,2127.0
421.2426,2056.0
421.3052,1988.0
421.3677,2014.0
421.4303,1871.0
421.4928,2003.0
421.5554,1806.0
421.6179,1912.0
421.6804,1921.0
421.743,1945.0
421.8055,2017.0
421.868,2059.0
421.9305,2076.0
421.993,2124.0
422.0556,2116.0
422.1181,2270.0
422.1806,2235.0
422.2431,2496.0
422.3055,2418.0
422.368,2384.0
422.4305,2357.0
422.493,2585.0
422.5555,2500.0
422.618,2519.0
422.6805,2344.0
422.7429,2454.0
422.8054,2252.0
422.8679,2044.0
422.9303,1855.0
422.9928,1912.0
423.0552,1917.0
423.1177,2012.0
423.1801,2010.0
423.2425,2177.0
423.305,2110.0
423.3674,2082.0
423.4298,2056.0
423.4922,2161.0
423.5547,1956.0
423.617,2023.0
423.6795,1895.0
423.7419,2056.0
423.8043,1882.0
423.8667,2032.0
423.9291,2007.0
423.9915,2149.0
424.0538,1994.0
424.1163,2025.0
424.1786,1872.0
424.241,1851.0
424.3034,1674.0
424.3658,1915.0
424.4281,1790.0
424.4905,1956.0
424.5529,1973.0
424.6152,2283.0
424.6775,2221.0
424.7399,2419.0
424.8022,2158.0
424.8646,2200.0
424.9269,2093.0
424.9892,2264.0
425.0515,2317.0
425.1139,2311.0
425.1762,2238.0
425.2385,2312.0
425.3008,2048.0
425.3631,1964.0
425.4254,1877.0
425.4877,1889.0
425.55,1898.0
425.6123,1890.0
425.6746,1820.0
425.7369,1896.0
425.7992,1846.0
425.8614,1965.0
425.9237,1897.0
425.9859,2074.0
426.0482,2210.0
426.1105,2301.0
426.1727,2150.0
426.235,2126.0
426.2972,1917.0
426.3595,2037.0
426.4217,1822.0
426.4839,1953.0
426.5462,1781.0
426.6084,1930.0
426.6706,1832.0
426.7328,1893.0
426.795,1850.0
426.8573,1934.0
426.9195,1925.0
426.9817,2144.0
427.0439,2218.0
427.1061,2497.0
427.1683,2619.0
427.2305,2498.0
427.2927,2142.0
427.3549,1871.0
427.417,1888.0
427.4792,1915.0
427.5413,1899.0
427.6035,1859.0
427.6657,1763.0
427.7278,1712.0
427.79,1687.0
427.8521,1795.0
427.9142,1747.0
427.9764,1871.0
428.0386,1826.0
428.1007,1979.0
428.1628,1947.0
428.2249,2125.0
428.287,1907.0
428.3492,1917.0
428.4113,1803.0
428.4734,1855.0
428.5355,1696.0
428.5976,1691.0
428.6597,1552.0
428.7218,1619.0
428.7839,1493.0
428.846,1630.0
428.9081,1527.0
428.9702,1708.0
429.0322,1551.0
429.0943,1732.0
429.1563,1647.0
429.2184,1703.0
429.2805,1688.0
429.3425,1763.0
429.4046,1726.0
429.4666,1719.0
429.5287,1655.0
429.5908,1732.0
429.6528,1623.0
429.7148,1833.0
429.7768,1721.0
429.8388,1875.0
429.9008,1750.0
429.9629,1859.0
430.0249,1840.0
430.0869,1888.0
430.1489,2005.0
430.2109,2165.0
430.2729,2235.0
430.3349,2566.0
430.3969,2374.0
430.4589,2224.0
430.5208,2096.0
430.5828,2223.0
430.6448,2123.0
430.7068,2355.0
430.7688,2374.0
430.8307,2188.0
430.8926,1947.0
430.9546,1869.0
431.0165,1643.0
431.0785,1609.0
431.1404,1490.0
431.2024,1623.0
431.2643,1624.0
431.3262,1765.0
431.3881,1712.0
431.4501,1753.0
431.512,1653.0
431.5739,1694.0
431.6358,1484.0
431.6977,1572.0
431.7596,1460.0
431.8215,1496.0
431.8834,1477.0
431.9453,1514.0
432.0072,1448.0
432.0691,1512.0
432.131,1482.0
432.1928,1640.0
432.2547,1647.0
432.3165,1864.0
432.3784,1852.0
432.4403,2137.0
432.5021,2288.0
432.564,2515.0
432.6258,2282.0
432.6876,2132.0
432.7495,1724.0
432.8113,1726.0
432.8732,1563.0
432.935,1569.0
432.9968,1434.0
433.0586,1550.0
433.1204,1433.0
433.1823,1571.0
433.2441,1382.0
433.3059,1581.0
433.3677,1475.0
433.4295,1478.0
433.4912,1411.0
433.5531,1507.0
433.6148,1364.0
433.6766,1553.0
433.7384,1451.0
433.8001,1621.0
433.8619,1491.0
433.9237,1588.0
433.9854,1400.0
434.0472,1483.0
434.1089,1396.0
434.1707,1495.0
434.2324,1468.0
434.2942,1534.0
434.3559,1479.0
434.4177,1634.0
434.4794,1507.0
434.5411,1542.0
434.6028,1515.0
434.6645,1511.0
434.7263,1543.0
434.788,1603.0
434.8497,1553.0
434.9113,1635.0
434.973,1641.0
435.0347,1729.0
435.0965,1675.0
435.1581,1706.0
435.2198,1645.0
435.2815,1580.0
435.3431,1502.0
435.4048,1579.0
435.4665,1523.0
435.5282,1652.0
435.5898,1592.0
435.6515,1617.0
435.7131,1671.0
435.7747,1813.0
435.8363,1682.0
435.898,1702.0
435.9597,1510.0
436.0213,1603.0
436.0829,1434.0
436.1445,1619.0
436.2061,1421.0
436.2678,1475.0
436.3294,1433.0
436.391,1519.0
436.4525,1443.0
436.5141,1464.0
436.5757,1431.0
436.6373,1500.0
436.6989,1491.0
436.7605,1601.0
436.8221,1560.0
436.8836,1517.0
436.9452,1508.0
437.0067,1545.0
437.0684,1492.0
437.1299,1502.0
437.1914,1380.0
437.253,1550.0
437.3145,1392.0
437.3761,1582.0
437.4376,1379.0
437.4992,1462.0
437.5607,1345.0
437.6222,1398.0
437.6837,1341.0
437.7452,1413.0
437.8067,1387.0
437.8683,1470.0
437.9298,1403.0
437.9913,1520.0
438.0528,1536.0
438.1143,1769.0
438.1757,1911.0
438.2372,2209.0
438.2987,2318.0
438.3602,2478.0
438.4217,2230.0
438.4831,2021.0
438.5446,1786.0
438.6061,1709.0
438.6675,1457.0
438.729,1441.0
438.7904,1330.0
438.8519,1457.0
438.9133,1412.0
438.9747,1494.0
439.0362,1456.0
439.0976,1531.0
439.159,1402.0
439.2204,1440.0
439.2819,1273.0
439.3433,1420.0
439.4047,1345.0
439.4661,1473.0
439.5275,1432.0
439.5889,1526.0
439.6503,1404.0
439.7116,1442.0
439.7731,1380.0
439.8345,1536.0
439.8958,1359.0
439.9572,1560.0
440.0186,1487.0
440.0799,1588.0
440.1413,1500.0
440.2027,1611.0
440.264,1542.0
440.3253,1775.0
440.3867,1774.0
440.448,2024.0
440.5093,1951.0
440.5707,1819.0
440.632,1593.0
440.6934,1553.0
440.7546,1534.0
440.816,1631.0
440.8773,1499.0
440.9386,1576.0
440.9999,1478.0
441.0612,1541.0
441.1225,1433.0
441.1838,1479.0
441.2451,1422.0
441.3063,1523.0
441.3677,1472.0
441.429,1624.0
441.4902,1603.0
441.5515,1627.0
441.6127,1417.0
441.674,1436.0
441.7353,1370.0
441.7965,1365.0
441.8578,1275.0
441.919,1318.0
441.9802,1290.0
442.0414,1393.0
442.1027,1262.0
442.164,1337.0
442.2252,1253.0
442.2864,1301.0
442.3476,1238.0
442.4088,1253.0
442.47,1218.0
442.5312,1266.0
442.5924,1212.0
442.6536,1361.0
442.7148,1320.0
442.776,1357.0
442.8372,1327.0
442.8984,1468.0
442.9596,1330.0
443.0207,1400.0
443.0819,1234.0
443.143,1359.0
443.2042,1264.0
443.2653,1283.0
443.3265,1124.0
443.3877,1269.0
443.4488,1171.0
443.5099,1252.0
443.5711,1171.0
443.6322,1284.0
443.6934,1192.0
443.7545,1263.0
443.8156,1208.0
443.8767,1271.0
443.9378,1214.0
443.9989,1296.0
444.0601,1193.0
444.1212,1374.0
444.1822,1297.0
444.2433,1363.0
444.3044,1312.0
444.3654,1420.0
444.4265,1289.0
444.4877,1510.0
444.5487,1463.0
444.6098,1558.0
444.6708,1376.0
444.7319,1390.0
444.7929,1299.0
444.854,1411.0
444.915,1465.0
444.9761,1604.0
445.0371,1571.0
445.0981,1691.0
445.1592,1523.0
445.2203,1436.0
445.2812,1342.0
445.3423,1343.0
445.4033,1241.0
445.4643,1351.0
445.5253,1354.0
445.5862,1429.0
445.6473,1245.0
445.7083,1318.0
445.7693,1217.0
445.8303,1309.0
445.8912,1240.0
445.9522,1256.0
446.0132,1253.0
446.0742,1366.0
446.1352,1338.0
446.1961,1484.0
446.257,1444.0
446.318,1312.0
446.379,1243.0
446.4399,1273.0
446.5009,1192.0
446.5618,1348.0
446.6227,1246.0
446.6836,1299.0
446.7446,1274.0
446.8055,1330.0
446.8664,1230.0
446.9273,1275.0
446.9883,1189.0
447.0491,1239.0
447.11,1071.0
447.171,1207.0
447.2319,1113.0
447.2927,1194.0
447.3536,1127.0
447.4145,1241.0
447.4753,1189.0
447.5363,1210.0
447.5971,1145.0
447.658,1205.0
447.7188,1096.0
447.7797,1186.0
447.8405,1067.0
447.9014,1144.0
447.9623,1088.0
448.0231,1164.0
448.0839,1109.0
448.1447,1143.0
448.2056,1014.0
448.2664,1186.0
448.3272,1048.0
448.3881,1098.0
448.4489,1067.0
448.5096,1177.0
448.5705,1033.0
448.6312,1086.0
448.6921,1047.0
448.7529,1095.0
448.8137,992.0
448.8744,1046.0
448.9352,1027.0
448.9959,1115.0
449.0567,1001.0
449.1175,1068.0
449.1783,1069.0
449.239,1171.0
449.2998,1009.0
449.3605,1172.0
449.4213,1026.0
449.4821,1172.0
449.5428,1101.0
449.6035,1196.0
449.6642,1064.0
449.725,1151.0
449.7857,1050.0
449.8464,1174.0
449.9071,1064.0
449.9679,1162.0
450.0285,1009.0
450.0892,1097.0
450.1499,1037.0
450.2106,1038.0
450.2714,1003.0
450.332,1064.0
450.3927,988.0
450.4534,1088.0
450.514,989.0
450.5747,1029.0
450.6354,966.0
450.696,1086.0
450.7567,986.0
450.8174,1074.0
450.878,1030.0
450.9386,1065.0
450.9993,1003.0
451.0599,1053.0
451.1206,1037.0
451.1812,1089.0
451.2418,1008.0
451.3024,1055.0
451.363,1000.0
451.4236,1058.0
451.4843,940.0
451.5449,1056.0
451.6054,953.0
451.666,1078.0
451.7267,1053.0
451.7873,1040.0
451.8478,990.0
451.9084,1026.0
451.969,929.0
452.0295,1012.0
452.0901,1000.0
452.1507,1003.0
452.2113,935.0
452.2718,984.0
452.3324,950.0
452.3929,1008.0
452.4534,971.0
452.5139,1049.0
452.5745,922.0
452.635,1029.0
452.6956,998.0
452.7561,1029.0
452.8166,1020.0
452.8771,1059.0
452.9377,968.0
452.9981,1121.0
453.0586,1046.0
453.1191,1122.0
453.1796,1063.0
453.2401,1080.0
453.3006,978.0
453.3611,1021.0
453.4216,913.0
453.4821,1041.0
453.5425,1012.0
453.6029,1043.0
453.6634,994.0
453.7239,1028.0
453.7844,1036.0
453.8448,1088.0
453.9052,965.0
453.9656,1097.0
454.0261,1020.0
454.0866,1140.0
454.147,1014.0
454.2074,1158.0
454.2678,1230.0
454.3282,1238.0
454.3886,1162.0
454.449,1197.0
454.5095,1093.0
454.5699,1101.0
454.6302,1023.0
454.6906,1097.0
454.751,978.0
454.8114,1080.0
454.8718,1062.0
454.9322,1161.0
454.9925,1072.0
455.0529,1147.0
455.1133,1092.0
455.1736,1085.0
455.234,1010.0
455.2943,1126.0
455.3547,1059.0
455.415,1130.0
455.4753,1032.0
455.5357,1073.0
455.5959,1037.0
455.6563,1183.0
455.7167,1071.0
455.777,1160.0
455.8373,1072.0
455.8976,1172.0
455.9579,1137.0
456.0182,1163.0
456.0785,1148.0
456.1388,1236.0
456.1991,1096.0
456.2593,1172.0
456.3196,1111.0
456.3799,1222.0
456.4402,1142.0
456.5005,1154.0
456.5607,1118.0
456.621,1061.0
456.6812,1029.0
456.7414,1071.0
456.8018,1077.0
456.862,1101.0
456.9222,1028.0
456.9825,1100.0
457.0426,1033.0
457.1028,1090.0
457.1631,1024.0
457.2234,1140.0
457.2835,1018.0
457.3438,1092.0
457.404,987.0
457.4641,1122.0
457.5244,1004.0
457.5846,1079.0
457.6447,996.0
457.7049,1117.0
457.7651,1073.0
457.8253,1122.0
457.8854,1039.0
457.9456,1172.0
458.0058,1064.0
458.0659,1194.0
458.1261,1047.0
458.1862,1087.0
458.2464,992.0
458.3066,1158.0
458.3667,999.0
458.4268,1105.0
458.4869,1035.0
458.5471,770.0
458.6072,607.0
458.6674,703.0
458.7274,600.0
458.7876,703.0
458.8477,639.0
458.9077,703.0
458.9679,573.0
459.0279,682.0
459.0881,625.0
459.1481,717.0
459.2082,633.0
459.2683,718.0
459.3283,617.0
459.3884,702.0
459.4485,612.0
459.5086,708.0
459.5686,597.0
459.6287,670.0
459.6887,619.0
459.7487,702.0
459.8088,650.0
459.8688,702.0
459.9289,653.0
459.9889,711.0
460.0489,621.0
460.1089,727.0
460.1689,651.0
460.229,676.0
460.289,585.0
